logr0 = -2.60455
logtheta = 0.755638
logK = 6.72305
logQ = -4.75596
logR = -3.18744

Random Effects:
X:
3.25605 3.37847 3.53394 3.66434 3.80715 4.00515 4.11423 4.18635 4.22057 4.22253 4.28222 4.33998 4.3443 4.35734 4.41315 4.46574 4.55169 4.63818 4.72582 4.80099 4.87626 4.94087 4.96439 4.94912 4.99643 4.98191 5.03048 5.06824 5.07313 5.03832 5.06125 5.14076 5.20305 5.2641 5.33643 5.44065 5.55019 5.60301 5.73824 5.86203 5.93596 6.01584 6.11011 6.17975 6.32117 6.43877 6.54807 6.61176 6.6375 6.62088 6.67134 6.69472 6.71086 6.71904 6.65546 6.59029 6.54018 6.54457 6.59204 6.61584 6.56644 6.58307 6.63635 6.64273 6.6607 6.71476 6.73355 6.76641 6.7837 6.77675 6.7583 6.77486 6.76353 6.79236 6.82148 6.83767 6.83543 6.76363 6.72013 6.65805 6.65021 6.65475 6.62851 6.63318 6.6617 6.61761 6.58263 6.53581 6.5168 6.49312 6.43132 6.43122 6.39379 6.38605 6.45152 6.49971 6.61079 6.63005 6.70139 6.70033 6.66883 6.61998 6.53872 6.50924 6.4707 6.45212 6.42497 6.42482 6.43765 6.42426 6.44874 6.46002 6.50481 6.53214 6.5583 6.53666 6.57419 6.54818 6.53346 6.5852 6.60324 6.61631 6.60412 6.58573 6.58478 6.62867 6.64716 6.63464 6.6122 6.65916 6.60837 6.53623 6.56384 6.53268 6.55091 6.56345 6.61397 6.66712 6.71315 6.76693 6.78433 6.77451 6.83224 6.88263 6.89752 6.8739 6.79069 6.76152 6.74566 6.67802 6.65507 6.60424 6.5882 6.58515 6.60592 6.59726 6.56868 6.62461 6.71389 6.75396 6.78595 6.77511 6.77833 6.85636 6.91112 6.95023 6.92043 6.9381 6.93878 6.95015 6.96837 6.96589 6.97717 6.90808 6.82174 6.82158 6.7826 6.78142 6.81019 6.73789 6.66843 6.63712 6.67844 6.66464 6.66878 6.65923 6.70075 6.73182 6.78574 6.81977 6.88211 6.88769 6.86814 6.84148 6.86243 6.83475 6.8604 6.85148 6.81236 6.80359 